
2 5 6 7 8 
0 2 3 4 7 8 9 10 13 15 16 17 18 22 24 25 26 30 31 33 34 35 40 41 44 46 47 48 
3 6 9 11 14 18 19 24 25 29 31 32 33 36 38 39 40 41 45 46 47 48 49 50 52 56 57 58 59 61 65 66 69 70 72 73 74 75 78 79 80 82 83 85 88 91 95 96 98 
5 6 7 9 10 13 14 16 17 18 19 20 21 26 28 29 31 32 34 35 39 42 45 46 48 49 51 54 57 58 61 63 66 67 69 72 74 75 77 78 79 80 84 85 87 88 92 93 95 96 97 98 102 103 104 106 109 110 111 112 116 117 119 121 122 126 129 131 132 136 137 141 144 145 146 148 149 150 153 154 155 156 160 165 166 167 169 170 172 176 177 181 182 184 185 187 188 189 192 193 194 196 197 198 
1 2 3 5 7 9 10 11 12 13 15 16 22 23 25 30 31 33 34 35 39 41 44 45 47 48 49 51 52 53 56 58 59 62 63 64 65 66 67 70 72 73 74 76 77 78 81 85 86 87 90 91 92 94 95 100 102 105 106 107 108 109 112 114 120 121 122 124 126 127 130 131 133 135 136 138 144 146 147 149 150 152 153 155 157 158 159 164 166 168 169 170 171 175 176 178 181 183 186 188 191 192 194 195 196 198 201 202 210 212 213 214 216 217 220 221 226 228 229 231 232 233 234 238 239 244 247 248 249 250 255 260 262 263 267 270 273 275 284 285 292 293 294 296 297 299 
1 4 5 6 7 11 13 15 18 20 23 28 29 30 31 32 35 38 40 42 43 44 46 47 48 49 51 52 53 54 56 57 59 60 62 64 65 66 68 69 71 72 74 75 76 77 78 81 82 89 93 94 96 99 102 103 105 107 108 115 116 117 118 121 125 127 133 134 135 137 140 143 144 146 147 149 150 151 161 162 165 167 168 170 171 172 173 174 175 176 182 185 186 189 191 195 200 201 203 204 210 217 218 220 221 222 224 225 227 231 232 235 237 240 241 242 244 246 251 253 255 256 257 259 260 261 262 264 266 267 269 270 273 274 278 281 283 286 287 288 292 295 296 297 301 303 305 307 308 310 314 315 318 320 321 323 324 325 326 327 328 329 333 334 335 336 338 340 342 343 351 358 359 361 362 368 370 372 374 376 378 379 381 384 386 391 392 393 395 396 397 398 399 
3 4 7 8 9 11 12 13 15 20 21 23 26 27 28 30 31 35 44 45 46 47 50 51 53 56 63 65 68 70 71 73 74 76 77 78 83 84 85 86 88 95 96 99 101 102 104 105 106 108 109 110 111 114 115 116 117 118 120 121 122 123 125 126 127 128 129 133 135 142 143 144 145 148 150 152 154 155 161 165 166 168 169 170 171 172 173 174 180 183 184 185 187 189 192 193 194 196 198 199 201 204 205 206 207 209 210 211 212 214 215 216 217 219 222 225 226 227 231 232 235 237 238 239 240 242 244 246 247 248 249 251 256 257 259 260 262 266 277 278 279 280 282 284 285 286 291 292 294 295 296 297 298 299 302 303 304 305 306 307 308 312 314 315 317 320 324 330 331 332 333 336 337 338 349 355 356 358 360 361 362 371 372 373 374 375 377 378 379 381 383 384 385 386 389 391 392 395 396 397 398 399 401 402 404 405 406 408 412 413 415 417 418 420 421 422 425 426 427 428 429 430 432 434 438 442 444 445 449 451 452 453 454 455 456 459 460 461 463 464 471 474 475 478 480 481 483 487 488 489 490 491 493 495 496 497 
2 3 6 7 9 10 12 13 14 17 21 23 25 27 28 30 33 34 38 39 41 44 45 46 47 49 51 52 53 54 56 58 59 61 65 69 75 77 78 82 89 92 97 99 100 101 102 104 108 109 110 112 113 117 118 119 120 122 123 124 125 126 129 130 131 133 134 136 138 141 142 146 147 148 149 150 152 159 161 162 163 165 166 168 169 172 177 178 179 184 185 186 189 192 194 195 196 197 199 200 201 203 204 205 206 208 218 219 222 223 224 226 228 229 231 232 234 239 241 243 244 246 250 253 257 258 261 262 263 264 266 268 269 270 273 279 284 286 287 291 292 295 297 298 299 300 302 303 304 306 307 308 310 311 312 314 316 319 320 322 323 324 325 326 327 329 332 333 335 337 340 344 345 346 347 349 352 354 356 357 362 363 364 365 368 370 371 372 376 377 379 383 386 390 391 392 394 396 398 399 400 401 402 404 405 409 410 411 412 414 416 418 420 423 424 425 426 428 429 433 434 435 437 438 440 445 447 451 456 459 462 465 469 470 471 472 476 478 479 480 481 484 486 490 497 498 503 504 505 507 511 512 513 514 516 519 520 525 527 529 530 536 537 541 546 547 548 552 555 556 559 560 564 569 572 576 578 579 580 581 582 583 584 585 587 588 589 590 592 594 595 596 597 598 599 
0 1 2 3 5 8 9 12 15 17 18 19 23 24 26 27 29 32 38 40 42 46 47 49 51 53 55 58 59 62 68 69 71 72 76 77 81 85 88 89 90 94 97 98 99 100 101 103 104 105 109 110 113 115 117 118 119 124 126 129 133 134 137 139 143 145 146 147 148 150 154 157 158 159 160 163 164 167 168 169 170 171 172 173 175 177 178 179 181 182 184 185 186 189 190 191 193 194 195 196 200 204 205 208 209 212 213 216 222 223 224 225 228 229 230 231 232 234 239 240 242 247 249 250 251 253 258 260 262 264 267 268 271 272 274 276 277 282 284 285 286 287 289 290 291 299 302 305 306 307 310 312 313 315 319 320 326 327 328 329 330 333 336 337 338 339 341 342 343 344 346 349 350 352 353 358 360 365 366 367 368 369 371 378 380 382 384 387 388 389 390 391 396 397 404 407 408 409 410 414 415 418 419 420 425 427 428 429 431 438 440 442 443 446 449 450 452 453 455 456 458 459 460 461 463 464 465 468 469 471 473 476 480 481 482 483 484 485 486 487 488 494 495 497 498 499 500 501 502 503 504 506 508 510 514 515 517 518 519 522 524 527 528 530 537 538 539 540 542 544 545 547 549 550 552 556 557 559 562 563 564 567 570 572 573 576 577 579 585 586 587 589 592 598 599 601 602 603 605 607 610 612 615 616 617 618 620 622 623 624 625 626 627 628 629 631 633 635 637 638 639 640 644 645 646 647 649 656 658 663 664 665 667 668 669 674 678 680 683 684 685 688 691 692 693 694 695 
0 1 2 3 4 6 8 11 12 16 23 25 35 36 38 41 42 44 49 51 53 58 60 61 62 64 66 69 71 72 74 75 77 78 79 81 82 83 85 86 87 88 89 90 93 94 95 96 99 100 102 106 107 110 111 112 113 114 117 120 121 123 127 128 129 131 132 133 134 136 138 139 140 142 144 145 146 150 151 152 153 158 159 161 163 164 165 172 174 175 179 180 181 182 183 184 189 194 195 196 197 200 206 207 209 210 211 212 213 215 219 220 224 225 228 233 236 238 243 245 246 248 249 254 255 257 258 259 263 264 265 268 269 270 271 272 273 274 275 276 278 282 285 286 287 288 289 290 293 294 296 298 299 300 303 304 306 307 308 311 313 315 316 320 322 324 326 332 336 340 341 345 347 348 349 350 352 353 354 356 361 362 363 365 366 371 375 376 377 382 385 391 392 393 394 397 398 399 400 403 404 406 407 410 411 412 415 418 420 423 424 426 429 430 432 434 435 436 437 440 443 445 448 450 451 454 456 457 458 460 461 463 465 467 468 469 473 475 479 480 482 486 488 490 491 492 493 494 495 497 498 499 501 502 505 508 510 511 512 514 515 518 524 525 526 530 532 534 537 538 540 541 542 545 547 548 550 556 558 562 563 565 569 577 580 581 582 583 584 586 587 588 589 592 598 600 601 602 603 611 616 617 618 620 621 622 623 625 626 627 628 629 630 631 632 633 639 640 642 643 646 649 651 652 653 654 655 658 659 662 663 665 666 669 670 674 675 676 678 679 680 684 686 691 701 703 705 706 709 711 716 717 718 
1 7 10 13 15 16 18 21 23 25 27 28 29 31 35 36 37 39 40 44 45 47 48 51 52 54 56 59 60 61 62 63 64 66 69 73 75 78 79 80 81 88 89 92 93 95 98 100 104 105 107 111 112 116 117 119 121 129 131 132 133 134 135 136 138 139 140 141 142 144 146 147 148 152 155 158 159 164 165 166 168 169 171 172 173 175 177 178 179 184 185 186 188 189 190 191 193 199 203 207 208 209 211 213 215 216 217 218 222 223 225 226 229 230 233 235 238 239 242 243 244 252 253 254 255 256 261 266 268 269 273 275 276 279 281 283 287 291 292 294 296 297 299 301 302 305 306 309 311 312 313 317 319 321 322 323 324 326 327 328 329 330 331 334 336 340 341 342 343 344 345 346 347 350 351 354 355 357 362 363 364 365 368 369 372 374 379 380 382 383 384 386 387 390 392 394 397 398 400 402 404 405 406 409 414 416 417 419 421 422 423 424 425 428 430 433 435 436 438 439 440 443 448 449 450 452 453 458 459 462 465 466 467 468 469 470 473 474 476 478 481 482 483 485 486 487 488 492 496 497 498 502 504 505 507 509 510 511 513 515 516 519 520 522 523 524 525 526 529 530 532 533 537 538 540 541 542 545 547 554 556 557 558 559 561 562 563 564 566 567 571 573 574 575 578 581 585 591 592 597 599 601 602 604 605 606 609 612 613 614 616 620 623 624 626 627 630 631 634 637 638 639 641 642 643 645 646 649 650 654 655 657 659 663 666 674 676 678 681 683 685 687 688 696 698 
